17
72
97
8
32
15
63
97
57
60
83
100
48
26
12
62
3
49
55
77
97
98
0
89
57
34
92
29
75
13
40
3
2
3
83
69
1
48
87
27
54
92
3
67
28
97
56
63
70
29
44
29
86
28
97
58
37
2
53
71
82
12
23
80
92
37
15
95
42
92
91
64
54
64
85
24
38
36
75
63
64
50
75
4
61
31
95
51
53
85
22
46
70
89
99
86
94
47
11
56
84
65
13
99
20
66
50
47
62
93
3
60
5
39
90
78
75
74
50
82
21
21
64
29
1
98
25
69
70
29
51
65
44
73
45
58
34
84
70
77
93
0
49
100
94
65
16
66
99
71
26
54
7
61
46
72
70
25
64
52
62
45
53
44
0
68
69
79
100
78
42
58
76
3
29
81
22
70
74
23
11
70
32
4
86
9
10
2
57
1
96
96
35
31
34
14
79
23
44
37
8
21
20
32
67
21
84
34
82
91
37
58
89
41
63
60
14
3
39
49
43
53
24
33
13
32
93
65
26
77
55
2
28
2
50
18
4
92
20
57
90
64
86
54
69
28
80
88
66
57
28
67
83
3
50
86
73
41
84
80
54
7
94
38
16
27
6
39
9
9
39
38
95
20
53
72
32
16
1
71
4
75
27
72
58
21
99
90
79
65
4
48
25
44
12
26
73
86
55
75
24
63
13
85
49
37
64
63
2
41
78
51
36
2
20
25
41
72
100
17
43
54
27
34
86
12
48
70
44
87
68
62
98
68
30
8
92
5